223.304724535778718
91.828644768394568
91.263355187062899
210.246284152657495
179.976387340117498
198.006313030670839
219.787397272910084
41.442731570204202
192.840607756768918
200.288541858989049
173.919521618477347
222.351073754996747
52.244616947586096
168.976329703304913
146.456478176965589
119.720507850576723
154.977417709807014
59.565090447341724
173.982757766394798
217.688998343967768
200.692550933012967
75.043320822042517
163.604706533766944
98.592596070901791
213.948591956105190
201.785777496829553
177.640085566293294
153.923682388383639
115.264912267350468
140.208772906690825
109.252002269981318
80.582256111379763
98.600202839547947
58.847259919217997
153.440542230533083
71.459778896943149
135.606047062806169
202.975367963701473
169.103518591423779
221.222738433462155
165.870431361349034
32.542280190545966
168.159150806609404
217.206123302267883
46.786750261158346
179.837426583011364
172.849645646151089
131.293564198707031
158.543369460851324
179.688619561729610
194.307745599602924
179.619041306872589
204.816991482640447
172.013080897936391
204.075966247865665
201.908395070635947
163.899359364214718
159.870259898456425
103.535018230548459
162.969322266492867
159.959369841219399
89.629794153506793
43.657759905886145
175.114248420852391
91.005494339627660
131.901478384436643
170.821544308673197
87.607077339676167
107.303308429889526
47.164605373097316
10.295630140987001
102.000000000000000
202.374652563012461
86.709284393310512
164.368488464182235
149.080515158755759
57.406445631131007
154.184953870343662
128.013671144921091
29.453352950046284
197.692943728399200
97.293370791642332
156.818366271301301
124.189371525907973
178.044938147648566
103.443221140875153
129.151074327703526
144.960339403576199
194.848659220431927
193.383039587239921
199.315077201901630
111.357532300244529
214.274356841876937
175.657336880643868
157.787832230498708
146.840049032952891
192.841904159858387
145.926351287216136
20.542638584174139
203.340846855716649
