7
3 33 71 55 61 52 12
16
22 113 96 232 160 350 146 155 222 165 251 225 222 294 90 94
22
187 34 486 138 365 57 388 563 215 546 412 342 293 47 386 503 46 247 70 451 429 483
19
221 208 468 402 172 349 409 134 259 104 78 456 300 94 19 437 387 53 213
5
96 141 255 248 338
13
242 195 217 105 166 254 260 120 246 148 167 196 80
6
45 262 32 239 54 66
20
56 738 426 428 479 473 591 513 399 387 325 690 238 135 635 447 73 519 253 268
15
664 660 278 261 608 332 471 184 671 174 626 663 288 585 180
8
243 98 204 24 173 220 98 311
11
52 43 153 86 38 8 122 167 148 142 94
8
242 186 118 201 32 36 92 145
17
763 474 540 230 307 466 282 281 564 296 604 397 232 4 492 351 18
28
122 114 113 220 429 192 404 375 200 402 426 314 496 386 289 210 276 263 92 272 275 292 433 229 491 103 339 458
20
83 245 9 290 166 284 197 269 218 404 56 208 348 395 151 317 97 106 147 272
7
142 622 478 474 501 601 635
26
39 7 13 6 20 33 11 34 37 30 37 55 50 40 40 11 23 15 29 35 7 15 47 46 18 52
30
819 749 742 711 554 594 277 301 80 720 270 104 391 524 788 30 120 609 494 502 774 839 47 93 516 262 625 575 822 254
13
138 195 222 579 356 98 280 419 290 253 251 280 585
7
638 844 857 717 798 749 158
17
389 356 94 166 81 475 125 94 345 295 340 33 152 191 191 233 428
27
16 58 121 83 40 102 156 94 150 20 57 126 56 164 47 150 136 98 162 149 130 72 52 2 132 99 105
20
287 436 479 15 400 601 550 291 349 37 121 524 153 222 159 78 306 240 591 615
17
205 407 568 110 225 330 508 534 40 373 108 600 471 358 211 138 394
23
602 57 31 205 342 564 163 843 673 217 202 849 121 685 813 91 334 875 760 507 486 578 687
0
